0. [ 0.146, 0.4018, 0.0 ]
1. [ 0.2114, 0.438, 0.0 ]
2. [ 0.2393, 0.3369, 0.0 ]
3. [ 0.2759, 0.4097, 0.0 ]
4. [ 0.4277, 0.3276, 0.0 ]
5. [ 0.4946, 0.4507, 0.0 ]
6. [ 0.5889, 0.3276, 0.0 ]
7. [ 0.687, 0.457, 0.0 ]
8. [ 0.7896, 0.4062, 0.0 ]
9. [ 0.8238, 0.5874, 0.0 ]
10. [ 0.9024, 0.6304, 0.0 ]
11. [ 0.812, 0.7192, 0.0 ]
12. [ 0.7559, 0.9038, 0.0 ]
13. [ 0.6182, 0.79, 0.0 ]
14. [ 0.4883, 0.9419, 0.0 ]
15. [ 0.3872, 0.8003, 0.0 ]
16. [ 0.2598, 0.9155, 0.0 ]
17. [ 0.2158, 0.7754, 0.0 ]
18. [ 0.0913, 0.7568, 0.0 ]
19. [ 0.1792, 0.6284, 0.0 ]
20. [ 0.0898, 0.5322, 0.0 ]
21. [ 0.2002, 0.5259, 0.0 ]